    0.360149
    0.478388
    0.644215
    0.665544
    0.854784
    0.976308
     1.08259
     1.13955
     1.27199
     1.27479
     1.41902
     1.49009
     1.50633
     1.60959
     1.62649
     1.66433
     1.69528
     1.97001
     2.15115
     2.19801
     2.34416
     2.41138
     2.42763
     2.49004
     2.56769
     2.64326
     2.71957
     2.83268
     2.87663
     2.98941
     3.04108
     3.20866
     3.23388
     3.31211
     3.36947
     3.46656
     3.51519
     3.57146
     3.64875
     3.69659
     3.77681
     3.82224
     3.90728
     3.91669
     3.94512
     4.01903
     4.13345
      4.1872
     4.21653
     4.29504
     4.35372
     4.37862
     4.41668
     4.47102
     4.58083
     4.71184
     4.73914
     4.80162
     4.85079
     5.00689
     5.06512
     5.11289
     5.15072
     5.18867
     5.22386
     5.40941
     5.47009
     5.52829
     5.57039
     5.58711
     5.66957
     5.76002
     5.84555
     5.91463
     6.01289
      6.0577
     6.12923
     6.16215
     6.29435
     6.30638
     6.35539
      6.4428
     6.55857
     6.60613
     6.65156
     6.71662
      6.8073
     6.88622
     6.91154
     6.93648
     6.98037
     7.03964
     7.10482
     7.21275
     7.25094
     7.34872
     7.41341
     7.46122
     7.55301
     7.63756
     7.69131
     7.72094
      7.7657
     7.79691
     7.85429
     7.91683
     7.99435
     8.03587
       8.077
     8.08953
     8.17901
     8.22189
     8.32821
     8.33607
     8.41114
     8.47085
     8.55107
     8.58034
     8.61002
     8.61392
     8.65062
     8.72768
     8.73423
      8.7676
     8.79255
     8.82774
     8.87769
     8.91672
     8.95722
     8.99421
     9.03486
     9.06664
     9.10132
     9.15387
     9.24014
     9.24935
     9.27239
      9.3522
      9.3646
     9.44929
      9.4911
     9.55514
     9.62752
     9.66898
     9.68189
      9.7489
     9.79131
     9.83908
     9.86024
     9.90066
     9.95163
     9.97782
     10.0142
     10.0421
     10.0897
     10.1103
     10.1179
     10.1893
     10.2094
     10.2674
     10.3384
     10.3414
     10.3742
     10.4085
      10.454
     10.5223
     10.5657
     10.5895
     10.6348
     10.6551
     10.7083
     10.7378
     10.7677
     10.7994
     10.8864
      10.898
     10.9652
      11.002
     11.0514
     11.0724
     11.0793
     11.1296
     11.1768
     11.2519
     11.2767
     11.2844
     11.3213
      11.362
     11.3889
     11.4047
     11.4482
     11.4936
     11.5114
     11.5541
     11.6075
     11.6372
     11.6936
     11.7029
     11.7594
     11.7862
     11.8178
     11.8626
     11.8963
      11.941
     11.9668
     12.0048
     12.0373
     12.0583
     12.1082
     12.2138
     12.2428
     12.2557
     12.3007
     12.3424
     12.3871
     12.4088
     12.4647
     12.4896
     12.4941
     12.5473
     12.5587
     12.5992
     12.6489
     12.7268
     12.7489
     12.7832
     12.8175
     12.8788
     12.9115
     12.9177
     12.9488
     12.9915
     13.0114
     13.0785
     13.1365
     13.1537
     13.2144
     13.2212
      13.254
     13.2941
     13.3209
     13.3378
     13.3707
     13.4701
     13.4956
     13.5279
     13.5678
     13.6347
     13.6548
     13.6836
      13.718
     13.7621
     13.7667
     13.8061
      13.818
     13.8694
     13.8818
      13.902
     13.9315
     13.9542
     13.9704
     14.0222
     14.0692
     14.0951
     14.1078
     14.2446
     14.2739
      14.308
     14.3235
     14.3493
     14.3854
     14.4239
     14.4956
     14.5195
     14.5502
     14.5867
     14.6376
     14.6522
     14.6755
     14.7145
     14.7786
     14.8089
     14.8138
     14.8585
     14.8761
     14.9662
     14.9977
     15.0354
     15.0649
     15.1019
     15.1218
     15.1281
     15.1829
     15.2115
     15.2259
     15.2675
     15.2945
     15.3046
     15.3526
     15.3675
     15.4217
     15.4512
     15.4533
     15.5115
      15.524
     15.5951
     15.6096
     15.6491
     15.6868
     15.7077
     15.7297
     15.7903
      15.806
     15.8482
     15.9117
     15.9572
     15.9748
     16.0098
     16.0306
     16.0346
     16.0489
     16.0966
     16.1007
     16.1402
     16.1963
     16.2225
     16.2344
     16.2613
     16.2856
     16.3132
     16.3538
     16.3935
     16.4003
     16.4519
     16.4989
     16.5197
      16.532
     16.5489
     16.5671
     16.5926
     16.6538
     16.7161
     16.7438
     16.7647
     16.7894
     16.8411
      16.864
     16.9377
     16.9618
       16.99
     17.0329
     17.0814
     17.1163
     17.1267
     17.1714
     17.2154
     17.2577
     17.3008
     17.3459
     17.3506
     17.4016
      17.446
     17.4695
     17.5283
     17.5362
     17.5855
     17.5944
       17.64
     17.7153
     17.7473
     17.7763
      17.797
     17.8301
     17.9035
     17.9374
     17.9933
     17.9959
     18.0408
     18.0807
     18.1274
     18.1502
     18.2199
     18.2828
     18.3312
      18.356
     18.3976
     18.4408
     18.5109
     18.5685
     18.6221
     18.6391
      18.712
     18.7714
     18.7861
      18.855
     18.8696
     18.8927
     18.9477
     18.9955
     19.1029
     19.1684
     19.2186
     19.2531
     19.3022
     19.3295
     19.4652
     19.5103
     19.5322
     19.5483
     19.6259
     19.6656
     19.7098
     19.7441
     19.7722
     19.8296
     19.8389
      19.909
     19.9562
     20.0013
     20.0857
     20.1566
     20.1749
     20.2232
     20.2705
     20.3251
     20.3632
     20.4131
     20.5002
     20.5261
     20.6301
     20.6427
      20.729
     20.7497
     20.7906
     20.8549
     20.9836
     21.0244
      21.074
     21.1038
     21.1683
     21.2168
     21.2546
     21.3364
      21.392
     21.4334
     21.4703
     21.5307
     21.5891
     21.6226
     21.6414
     21.6773
     21.8891
     21.9231
     21.9534
     21.9843
     22.0624
     22.1182
     22.2075
     22.2743
     22.3179
     22.3637
     22.4561
     22.5024
     22.5211
     22.5994
     22.7213
     22.8266
     22.9327
     22.9679
     23.0434
     23.1244
     23.1971
     23.3142
     23.3365
     23.4641
     23.5719
     23.7037
     23.7578
     23.9402
     24.0072
     24.0454
     24.1144
     24.1677
       24.29
     24.3249
     24.4069
     24.4457
     24.5244
     24.5824
     24.6417
     24.7092
     24.7357
     24.9049
     25.0828
     25.1422
     25.2239
     25.3051
     25.4066
     25.4339
     25.5518
     25.6523
     25.6802
     25.8158
     25.9242
     26.0697
     26.1721
     26.2223
     26.3776
     26.4918
      26.739
     26.8958
     26.9948
     27.0407
     27.1512
     27.2004
     27.2823
     27.5452
     27.7805
     27.9136
     27.9986
      28.178
     28.3492
     28.5284
     28.6462
     28.8664
     28.9332
     29.2061
     29.4128
     29.6225
     29.8333
     29.8928
      30.176
     30.5417
      30.896
     30.9812
     32.4422
     33.0251
     33.2877
     33.7841
     34.3225
     35.7055
     35.7369
     37.6707
