    0.771439
    0.754413
     0.34315
    0.390334
    0.303445
    0.445296
    0.593598
    0.390298
    0.273726
    0.310305
    0.501491
    0.335378
    0.269107
    0.425889
    0.389408
    0.227864
    0.260178
    0.375903
    0.293999
    0.219306
    0.210217
    0.347513
    0.323999
    0.719713
    0.634241
    0.669341
     1.01949
    0.629683
      0.3162
    0.270821
    0.215272
    0.211344
    0.181992
    0.173032
    0.154021
    0.159835
    0.168479
    0.177812
    0.206501
    0.245567
    0.239912
    0.190984
    0.226601
    0.211328
      0.1707
    0.167847
    0.199077
    0.180107
    0.147786
    0.174683
    0.182804
    0.166724
    0.203404
    0.204869
     0.17447
     0.24312
    0.267276
    0.208233
    0.186838
     0.30485
     0.31625
    0.255284
     0.34028
    0.286905
    0.225649
     0.28629
    0.303174
    0.496563
     1.16077
     1.06877
    0.531414
    0.507121
    0.282307
    0.330843
    0.286621
    0.301152
    0.266675
    0.227111
    0.188902
    0.233505
    0.229405
    0.292944
    0.259121
     0.35289
    0.304032
    0.428676
    0.776143
    0.933067
    0.518128
    0.361193
    0.298674
    0.224572
    0.238827
    0.193345
    0.206138
    0.208169
    0.214264
      0.2167
    0.216838
    0.260316
    0.294619
    0.440149
    0.255488
    0.203665
    0.187535
    0.161128
    0.174897
    0.179603
    0.232027
    0.208138
    0.264519
    0.289588
    0.321822
    0.240607
    0.220962
    0.280422
    0.311999
    0.248311
    0.247152
    0.187385
    0.192301
    0.144207
    0.151495
    0.127091
    0.147488
    0.152733
    0.160317
    0.198157
    0.264745
    0.496308
    0.824981
     2.90333
     2.85236
    0.651881
    0.440093
    0.209287
    0.161401
    0.141341
    0.132642
    0.135632
     0.13406
    0.169008
    0.163537
    0.188976
    0.193996
    0.252181
    0.330878
    0.393619
    0.614874
    0.940942
     1.44171
     1.16652
    0.687444
     0.42444
    0.371709
    0.266261
    0.258387
    0.355336
    0.267718
    0.193965
    0.259211
    0.336456
    0.236836
    0.187546
    0.224252
    0.241189
    0.186439
    0.162947
    0.201119
    0.223187
    0.179064
    0.176909
    0.253865
    0.247248
    0.225179
    0.269274
       0.444
    0.415321
    0.398274
    0.642725
     1.19236
     0.86062
     1.43348
