     0.25002
    0.215493
    0.141593
    0.122991
   0.0945663
     0.14033
    0.150704
    0.147347
   0.0905669
    0.116029
    0.136811
   0.0955843
   0.0838722
    0.116133
    0.114836
   0.0801377
   0.0723837
    0.120817
    0.120817
   0.0646949
    0.054458
   0.0742371
   0.0801865
    0.136077
    0.106403
    0.126665
    0.157485
    0.128708
   0.0875797
   0.0810484
   0.0611028
   0.0677619
   0.0662784
   0.0736722
   0.0570729
   0.0608808
   0.0599368
   0.0498502
    0.067659
   0.0577437
   0.0667545
   0.0588988
   0.0776843
   0.0849522
   0.0481686
   0.0555576
   0.0945902
   0.0668774
   0.0513821
   0.0541346
    0.079653
   0.0531852
   0.0621165
   0.0646667
   0.0640383
   0.0698161
   0.0755631
   0.0609996
   0.0679675
   0.0692506
   0.0837043
   0.0706519
   0.0921869
   0.0827063
   0.0691418
   0.0886342
   0.0771727
     0.10865
    0.209514
    0.209521
     0.10899
      0.1286
   0.0784038
   0.0862116
   0.0796494
   0.0978132
   0.0737739
   0.0551975
   0.0620304
   0.0659999
   0.0534575
   0.0680857
   0.0707601
   0.0926614
    0.113044
    0.133933
    0.184924
    0.163657
   0.0988198
    0.086055
   0.0704734
    0.073593
    0.062814
   0.0558183
   0.0603519
   0.0629572
   0.0691015
   0.0647085
   0.0570492
   0.0897797
   0.0970441
    0.189027
    0.114486
   0.0589632
    0.055565
   0.0483116
   0.0495755
   0.0533871
   0.0584912
   0.0539943
   0.0681909
   0.0768028
   0.0822931
   0.0779998
   0.0719866
   0.0867962
   0.0921981
   0.0720311
   0.0802389
    0.063244
   0.0606373
   0.0515596
   0.0536923
   0.0468896
   0.0495519
   0.0502289
   0.0522391
   0.0763907
   0.0809826
    0.157507
    0.203927
    0.282526
    0.282526
    0.141374
    0.100929
   0.0809174
   0.0569418
   0.0526186
   0.0522093
   0.0516978
   0.0468154
   0.0520625
   0.0501142
   0.0541858
   0.0579681
   0.0671948
   0.0789364
   0.0941074
     0.14991
     0.18648
    0.211064
    0.187168
    0.168037
    0.151302
    0.108256
    0.103328
   0.0755729
    0.134748
    0.121644
   0.0867076
   0.0747191
     0.10917
   0.0788373
    0.055846
   0.0682945
   0.0772265
   0.0612383
   0.0527181
   0.0646217
   0.0728324
   0.0564893
   0.0555652
   0.0798165
   0.0712719
    0.058027
   0.0764081
    0.101742
    0.101769
   0.0994443
    0.138841
    0.198494
    0.230075
    0.330743
