    0.886498
     1.21701
     1.61642
     1.86569
     2.25925
     2.65341
     2.88594
     3.42233
     3.62466
     4.29948
     4.53048
      5.1195
     5.57934
      5.8761
           6
     6.07157
     6.43955
     6.85083
     6.92967
     7.31257
     7.34293
     7.81552
      8.1102
     8.20368
     8.42389
     8.54562
     8.74114
     8.86314
     8.97881
     9.15496
     9.38927
     9.55564
     9.58026
     9.70898
     9.84328
     9.92115
     10.1305
     10.2912
     10.3335
     10.4329
     10.6262
     10.7383
      10.957
          11
     11.0156
     11.0444
     11.1439
     11.3935
      11.544
     11.6916
     11.7563
     11.8624
     11.9603
     12.2189
     12.4426
     12.5222
      12.704
     12.9388
     12.9798
     13.1757
     13.2909
     13.3477
     13.4465
     13.6438
     13.7612
     13.8625
      13.996
     14.0169
      14.262
     14.3948
     14.5359
     14.5609
     14.6085
     14.7426
     14.7811
     14.9858
     15.2165
     15.2562
     15.3283
      15.379
     15.4961
     15.5711
     15.5841
     15.7141
     15.8345
     15.8635
     15.9111
     15.9318
     16.0627
     16.1611
     16.3527
     16.4403
     16.6116
     16.6205
     16.7262
     16.8134
     16.9212
     16.9789
     17.0205
      17.159
     17.2214
     17.3059
     17.3877
     17.4318
     17.5602
     17.6002
     17.7407
     17.7592
     17.9225
     18.0482
     18.0812
     18.1486
     18.2727
     18.2751
     18.3344
     18.6155
      18.698
     18.7571
     18.8406
     18.9496
      19.082
     19.1322
     19.1465
     19.3334
     19.3851
     19.4419
     19.5632
      19.781
     19.9724
     20.0083
     20.0928
     20.1653
     20.3707
     20.5627
     20.6308
     20.7753
     20.9253
     21.0358
     21.2109
     21.2776
     21.3158
     21.4218
     21.4843
     21.6449
     21.7118
     21.8815
     22.0588
     22.1405
     22.2523
     22.3231
     22.5426
     22.6322
     22.6946
     22.7526
     22.9671
     23.1069
     23.1782
     23.2254
     23.4747
      23.547
     23.6103
     23.7505
     23.8861
     23.9465
     24.0322
     24.2981
     24.3916
     24.4471
      24.715
     24.7321
     24.8602
     25.1514
     25.2507
      25.377
     25.7298
     25.8526
     26.0915
      26.345
     26.5983
     26.9126
     27.2183
     27.8895
