    0.358128
    0.402481
    0.465336
    0.570543
    0.812744
    0.874409
    0.900712
    0.960223
     1.07434
     1.09077
     1.24889
     1.40247
     1.43198
     1.59684
     1.70549
     1.85283
     1.96221
     2.05584
     2.25615
     2.34324
     2.47325
     2.53354
     2.68186
     2.75827
      2.8023
     2.87756
      2.9825
     3.01459
     3.14397
     3.26817
     3.36732
     3.43104
     3.47776
     3.54669
     3.63643
     3.65358
     3.68976
     3.73075
      3.8448
     3.87161
     3.91845
     3.98798
      4.0646
     4.19403
     4.19645
      4.2626
     4.30574
     4.46884
     4.47584
     4.69116
     4.70738
     4.81885
      4.9654
     4.97773
     5.07611
     5.12824
     5.18396
     5.29743
     5.37096
     5.42834
       5.537
     5.57602
     5.62979
     5.64915
     5.76659
     5.86126
     5.89099
      6.0164
     6.05464
     6.14259
      6.1628
     6.29812
     6.34541
     6.41842
     6.44604
     6.54282
     6.58552
     6.70251
     6.72697
     6.79325
     6.89573
     6.94516
     6.99999
     7.01402
     7.07781
     7.21026
     7.26866
     7.38098
     7.46086
     7.54594
     7.57824
     7.64533
     7.75777
      7.7873
     7.83493
     7.90881
     7.97672
     8.02198
     8.08576
     8.13438
     8.20441
     8.24595
     8.30995
     8.36141
     8.38643
     8.42255
     8.44577
     8.51776
     8.56662
     8.59967
     8.63503
      8.6552
     8.73867
     8.77869
     8.80378
     8.84346
     8.85357
     8.96061
     9.01317
     9.09208
     9.10669
     9.12407
     9.19617
     9.25713
     9.27648
     9.36689
     9.36914
     9.39109
     9.47185
      9.5043
      9.5341
      9.5664
     9.57815
     9.60885
     9.62252
     9.66679
     9.69792
     9.72576
     9.74409
     9.78275
      9.8161
      9.8373
     9.88173
     9.89443
     9.94132
     10.0232
     10.0384
     10.0924
     10.1503
     10.2045
     10.2256
     10.2509
     10.3165
     10.3453
     10.4103
     10.4311
     10.5053
     10.5608
     10.6533
     10.6754
     10.7382
     10.7866
     10.8359
     10.8662
     10.9027
      10.917
     10.9803
     10.9906
     11.0152
     11.0535
     11.0623
     11.1496
     11.1526
     11.1668
     11.2135
     11.2956
     11.3223
     11.3463
     11.3746
     11.3959
     11.4431
     11.4668
     11.4985
     11.5157
     11.5652
     11.6263
     11.6525
     11.6855
     11.7151
     11.7435
     11.7654
     11.8321
       11.87
     11.8822
     11.9081
     11.9374
     11.9552
     11.9999
     12.0399
     12.0867
     12.1205
     12.1558
     12.2037
     12.2354
      12.269
     12.3188
     12.3217
     12.3635
     12.4208
     12.4857
      12.524
     12.5688
     12.5817
     12.6235
     12.6748
     12.6931
     12.7414
     12.7702
     12.7776
     12.8019
     12.8268
     12.8946
     12.9434
     12.9528
     12.9864
     13.0175
     13.0318
     13.0702
     13.0895
     13.1062
     13.1321
     13.1818
      13.228
     13.2574
     13.2702
     13.3425
     13.4019
     13.4049
     13.4283
     13.4745
     13.5321
      13.561
     13.6039
     13.6139
     13.6279
     13.6634
     13.6878
     13.7091
     13.7473
     13.7795
     13.7872
     13.8299
     13.8645
     13.9214
       13.96
      14.002
     14.0394
     14.0525
     14.0713
     14.0813
     14.0995
     14.1735
      14.209
     14.2241
     14.2604
     14.2977
     14.3104
     14.3483
     14.3795
      14.419
     14.4381
     14.4767
     14.5045
     14.5177
     14.5685
     14.6559
     14.6736
      14.691
     14.7216
     14.7373
     14.7851
     14.8068
     14.8296
     14.8633
     14.8869
     14.9718
     15.0083
     15.0339
     15.0712
     15.1298
     15.1594
      15.164
     15.1794
      15.217
     15.2497
     15.2686
     15.2912
     15.3098
     15.3593
     15.3834
     15.4158
     15.4439
     15.4691
     15.5328
     15.5848
      15.619
     15.6536
     15.7094
     15.7396
     15.7609
     15.7701
     15.8039
     15.8497
     15.8736
     15.8923
     15.9325
     15.9821
     16.0181
     16.0732
     16.0922
     16.2028
     16.2165
     16.2302
     16.2592
     16.2883
     16.2963
     16.3235
     16.3753
     16.4103
     16.4277
     16.4445
     16.5179
     16.5405
     16.5452
     16.6002
     16.6634
     16.6701
     16.7315
     16.7378
     16.7881
      16.818
     16.8789
     16.8962
     16.9033
     16.9661
     17.0221
     17.0586
      17.119
     17.1377
        17.2
     17.2137
     17.2639
     17.2945
     17.3442
     17.3806
     17.3951
     17.4502
     17.4845
     17.5448
      17.551
     17.5886
     17.6576
     17.6698
     17.7019
     17.7269
     17.7473
     17.7796
     17.8103
     17.8297
     17.9029
     17.9486
     17.9641
     18.0445
     18.0961
     18.1277
     18.1379
      18.226
     18.2726
     18.3025
     18.3201
      18.389
     18.4427
     18.4564
     18.4953
     18.5543
     18.6237
     18.6332
     18.6816
     18.7507
     18.7633
     18.8433
     18.9164
     18.9683
     19.0031
      19.039
     19.1199
     19.1569
     19.2102
     19.2907
      19.302
     19.3748
     19.4181
     19.4869
     19.5508
     19.5747
     19.6134
     19.6188
     19.6929
     19.7254
     19.7527
     19.7892
     19.8385
     19.8656
     19.9575
     19.9724
     20.0894
     20.1113
     20.1955
     20.2324
     20.2999
     20.3481
      20.405
     20.4497
      20.517
     20.5372
     20.6057
     20.6323
     20.7331
     20.7886
     20.8189
     20.8532
     20.8865
     20.9904
     20.9987
     21.0678
     21.1486
     21.2415
     21.2938
     21.3242
     21.3774
      21.409
     21.4812
     21.5553
     21.6174
      21.676
     21.7239
     21.7633
     21.8202
     21.8654
     21.9167
     21.9917
     22.0894
     22.1418
     22.2309
     22.2682
     22.3793
     22.4326
     22.4918
     22.6286
     22.6819
     22.7336
     22.7752
     22.9307
     22.9776
     23.0408
     23.1444
     23.2075
     23.2563
     23.3274
     23.4433
     23.4589
     23.5086
     23.6169
       23.67
     23.7392
      23.784
     23.8265
     23.9073
     23.9742
     24.0627
     24.1335
     24.2021
     24.2396
     24.2988
      24.403
      24.588
     24.6487
     24.6946
     24.7799
     24.8321
     24.9141
     25.0481
     25.1016
     25.2571
     25.3149
     25.4979
     25.6087
     25.6492
     25.7384
     25.8859
     26.0015
     26.0493
     26.1403
     26.2413
     26.3336
     26.4627
     26.5247
     26.7172
     26.7436
     26.8915
     27.0017
     27.0443
     27.1968
     27.3173
     27.5142
     27.7045
     27.7526
     28.0744
     28.1499
     28.2505
     28.2578
     28.6036
     28.6786
     28.9868
     29.0886
     29.3013
     29.4155
     29.6694
     29.8017
     30.2451
     30.5141
     30.6461
     30.7959
     31.2435
     31.4757
     32.5928
     33.1857
     33.5613
      34.322
     35.0001
     35.9928
     36.2553
     37.9017
