    0.223257
    0.356332
    0.348936
    0.280104
    0.432125
    0.642525
    0.406547
    0.277852
    0.306042
    0.520024
    0.337291
     0.26315
    0.406253
    0.364913
    0.236075
    0.245799
    0.370266
    0.292211
    0.224648
    0.209429
    0.406344
    0.469229
    0.759819
    0.776434
    0.672351
    0.662375
    0.423688
    0.277182
    0.243289
    0.196799
      0.1877
    0.174687
     0.17075
    0.157405
    0.159392
    0.179062
    0.189855
    0.213444
    0.234301
    0.244068
    0.187219
    0.227515
    0.210129
    0.162656
    0.167934
    0.194856
    0.182419
    0.142814
    0.174426
    0.185236
    0.171328
    0.205319
    0.209536
    0.175337
    0.253447
     0.26324
    0.197268
    0.187747
     0.27202
    0.282309
    0.246451
    0.336742
    0.316349
     0.23508
    0.301772
    0.301783
    0.508801
      1.3518
     1.33336
    0.517616
    0.529048
    0.278853
    0.341581
     0.28138
     0.30888
    0.269018
    0.236641
    0.195868
    0.243844
    0.219933
    0.264327
    0.249647
    0.416462
    0.605206
     0.63536
    0.331502
    0.298419
    0.324114
    0.366582
    0.281444
    0.212319
    0.225537
     0.18555
    0.201217
    0.213236
    0.223962
    0.220102
    0.222792
    0.264176
     0.32911
     0.43949
    0.254432
    0.203484
    0.185975
    0.163837
    0.161735
    0.183564
    0.224433
    0.195905
    0.259865
    0.277047
    0.299084
    0.362766
    0.278381
    0.241657
    0.207466
    0.257303
    0.246727
    0.180607
    0.195318
    0.151574
    0.149915
    0.127045
    0.145114
    0.150134
    0.155375
    0.202303
    0.260361
    0.502375
    0.824754
      2.9991
      2.8194
    0.868372
    0.462807
      0.2251
    0.171116
    0.146547
    0.130718
     0.12982
    0.131336
    0.160652
    0.158085
    0.176493
    0.188537
    0.253758
    0.285751
    0.396613
    0.536501
    0.657187
     1.12152
    0.520672
    0.381716
    0.429379
    0.364745
     0.24791
     0.24742
    0.329812
     0.23507
    0.187319
    0.231332
    0.251766
    0.188422
    0.173046
    0.224135
    0.231554
    0.174289
    0.159948
    0.203682
    0.217604
     0.17169
    0.178921
    0.243308
    0.235065
    0.212402
    0.261235
    0.414743
    0.405951
    0.392054
    0.686352
     1.22157
    0.952837
     1.55947
      3.4787
