    0.933385
     1.43026
     1.66426
     1.84704
     2.47556
     2.91867
     3.59962
     4.39455
     4.89559
     4.97938
     5.50217
     5.91019
           6
     6.17282
     6.53955
     6.86985
     6.91488
     7.13117
     7.32961
     7.85212
     8.12867
     8.49765
     8.65719
     9.03759
     9.16596
     9.38159
     9.51948
     9.60736
     9.72474
     9.77048
      9.9397
     10.0677
     10.1208
     10.2794
     10.4226
     10.5685
     10.5886
     10.6658
     10.7585
      11.121
     11.3673
     11.4033
     11.5432
     11.7719
     11.8157
     11.9311
     12.0729
     12.1591
      12.203
     12.5334
      12.738
     12.7418
     12.7894
     12.9643
     13.2476
     13.2956
      13.347
     13.3742
     13.4724
     13.5795
     13.7007
     13.7925
     13.8559
     13.9143
     14.0578
     14.1109
     14.1917
     14.3631
     14.4419
     14.5013
     14.6334
     14.8079
     14.9542
     15.0141
     15.0795
     15.2099
     15.3116
     15.4597
     15.5044
     15.5151
     15.6096
     15.7106
     15.7836
     15.8503
      15.933
     16.1568
     16.2009
     16.2662
     16.3912
     16.4815
     16.5438
     16.6475
     16.7881
     16.8361
     17.0125
     17.1163
     17.2218
     17.3752
     17.4508
     17.4715
     17.6703
     17.7281
     17.8141
     17.9571
     18.0417
     18.2298
     18.2601
     18.3842
     18.4958
     18.6431
     18.6971
     18.8911
     18.9418
     18.9999
     19.0878
     19.1137
     19.2273
      19.412
     19.5237
     19.5572
     19.7088
     19.8368
     20.0205
     20.1105
     20.1624
      20.331
      20.471
     20.5789
     20.6356
     20.8543
      20.914
     20.9734
     21.0375
     21.1701
     21.3597
     21.4757
     21.5242
     21.6531
     21.7645
     21.8944
     21.9308
     21.9944
      22.137
     22.3455
     22.4396
     22.4855
     22.5752
     22.6876
     22.7518
     22.8311
     23.0102
     23.1107
     23.1837
     23.2374
     23.3839
     23.4931
     23.5669
     23.6947
     23.8053
     23.8751
     24.0458
     24.2493
     24.4457
     24.5837
     24.6336
     24.6762
     24.9161
     24.9878
     25.1368
       25.21
     25.2866
     25.5059
     25.6351
     25.7332
     26.0315
     26.1537
     26.3524
     26.4881
     26.7999
     27.1395
      27.258
     28.0371
