   0.0770928
    0.115453
    0.111415
   0.0869087
    0.147884
    0.149609
    0.147218
   0.0962165
    0.115939
    0.125057
    0.103954
   0.0888737
    0.117072
    0.115728
   0.0804812
    0.073706
    0.121177
    0.132976
   0.0683548
   0.0540471
   0.0789335
   0.0802343
    0.134347
    0.136455
    0.124033
    0.127908
    0.108357
   0.0677724
   0.0667709
   0.0559668
   0.0637823
   0.0620177
   0.0594422
   0.0547809
   0.0582325
   0.0572303
   0.0513246
   0.0731939
   0.0574327
   0.0699986
   0.0616464
    0.077725
   0.0845131
   0.0477835
   0.0532801
   0.0942395
   0.0704489
    0.047156
    0.051772
   0.0742744
   0.0530076
   0.0614826
   0.0643191
   0.0635648
    0.065727
    0.070512
   0.0575694
   0.0667852
   0.0639205
   0.0823842
   0.0689146
   0.0955607
   0.0873089
   0.0685478
   0.0884789
   0.0770963
    0.117254
    0.210029
    0.209689
    0.109236
    0.128963
   0.0819895
   0.0992771
   0.0792003
    0.090226
   0.0736319
   0.0550459
   0.0617744
   0.0654306
   0.0560627
   0.0659533
   0.0680456
   0.0931378
    0.108959
    0.156453
    0.140722
    0.104787
   0.0880927
   0.0841611
   0.0664434
   0.0664676
   0.0679332
   0.0572955
   0.0625035
   0.0569704
   0.0686701
   0.0609921
   0.0566719
   0.0965342
   0.0969955
    0.188625
    0.104456
   0.0589074
   0.0529371
   0.0500869
    0.049184
   0.0529736
   0.0530735
   0.0569049
    0.077671
   0.0753963
     0.07307
   0.0952283
   0.0950342
   0.0802248
   0.0584369
   0.0704236
   0.0778541
   0.0591281
   0.0548689
    0.046915
   0.0555849
   0.0465409
   0.0494046
   0.0522242
   0.0521577
   0.0928529
   0.0857047
    0.158574
    0.204578
    0.283128
    0.283128
    0.141739
     0.10147
   0.0811454
   0.0569027
   0.0547805
   0.0481873
   0.0496259
   0.0485505
   0.0514246
   0.0476808
   0.0488849
   0.0564189
   0.0652602
   0.0610218
   0.0879829
    0.104774
    0.112211
    0.143526
    0.120159
   0.0820008
    0.102109
   0.0955921
   0.0705934
   0.0676896
    0.102566
   0.0996608
    0.063026
   0.0648477
    0.104389
   0.0811589
   0.0538258
   0.0663737
   0.0756502
   0.0573568
   0.0503874
   0.0556732
   0.0719546
   0.0512908
   0.0528262
   0.0789219
   0.0705537
   0.0525448
   0.0757247
    0.100782
   0.0979048
   0.0961493
    0.145475
    0.183795
    0.209646
    0.241348
    0.284337
